filename	num_contigs	contig_n50	contig_n50_size_mb	num_scaffolds	scaffold_n50	scaffold_n50_size_mb	largest_scaffold	largest_scaffold_size_mb	total_scaffold_length	total_scaffold_length_size_mb	gc_content_percent
OG1_v230525.hifi1.0.hifiasm.bp.hap1.p_ctg.assembly.summary.txt			0			0		0		0	40.41
OG1_v230525.hifi1.0.hifiasm.bp.hap2.p_ctg.assembly.summary.txt			0			0		0		0	40.37
OG2_v230413.hifi1.0.hifiasm.bp.hap1.p_ctg.assembly.summary.txt			0			0		0		0	39.88
OG2_v230413.hifi1.0.hifiasm.bp.hap2.p_ctg.assembly.summary.txt			0			0		0		0	39.87
OG3_v230825.hifi1.0.hifiasm.a_ctg.assembly.summary.txt	1309	8249256	8.24926	1309	8249256	8.24926	32506338	32.5063	1007593062	1007.59	40.68
OG3_v230825.hifi1.0.hifiasm.p_ctg.assembly.summary.txt	197	34482886	34.4829	197	34482886	34.4829	48715905	48.7159	1002630667	1002.63	40.74
OG5_v230628.hifi1.0.hifiasm.bp.hap1.p_ctg.assembly.summary.txt	15153	720038	0.720038	15153	720038	0.720038	8865568	8.86557	4379064180	4379.06	43.61
OG5_v230628.hifi1.0.hifiasm.bp.hap2.p_ctg.assembly.summary.txt	13082	634677	0.634677	13082	634677	0.634677	9552349	9.55235	4104952172	4104.95	43.54
OG6_v230628.hifi1.0.hifiasm.a_ctg.assembly.summary.txt	1350	8978620	8.97862	1350	8978620	8.97862	31149103	31.1491	1057608295	1057.61	39.88
OG6_v230628.hifi1.0.hifiasm.p_ctg.assembly.summary.txt	297	42924531	42.9245	297	42924531	42.9245	51851903	51.8519	1051680420	1051.68	39.93
OG7_v230915.hifi1.0.hifiasm.a_ctg.assembly.summary.txt	1258	13877684	13.8777	1258	13877684	13.8777	40849154	40.8492	1110883430	1110.88	40.57
OG7_v230915.hifi1.0.hifiasm.p_ctg.assembly.summary.txt	273	44231223	44.2312	273	44231223	44.2312	56170424	56.1704	1072938796	1072.94	40.57
OG8_v230512.hifi1.0.hifiasm.bp.hap1.p_ctg.assembly.summary.txt			0			0		0		0	40.62
OG8_v230512.hifi1.0.hifiasm.bp.hap2.p_ctg.assembly.summary.txt			0			0		0		0	40.60
OG9_v240206.hifi1.0.hifiasm.a_ctg.assembly.summary.txt	2524	4536331	4.53633	2524	4536331	4.53633	19227367	19.2274	1049282204	1049.28	41.33
OG9_v240206.hifi1.0.hifiasm.p_ctg.assembly.summary.txt	289	42125333	42.1253	289	42125333	42.1253	49946800	49.9468	1035485213	1035.49	41.35
OG10_v230209.hifi1.0.hifiasm.bp.hap1.p_ctg.assembly.summary.txt			0			0		0		0	40.59
OG10_v230209.hifi1.0.hifiasm.bp.hap2.p_ctg.assembly.summary.txt			0			0		0		0	40.64
OG11_v230825.hifi1.0.hifiasm.a_ctg.assembly.summary.txt	894	8253097	8.2531	894	8253097	8.2531	34268472	34.2685	1080192929	1080.19	39.32
OG11_v230825.hifi1.0.hifiasm.p_ctg.assembly.summary.txt	87	45422970	45.423	87	45422970	45.423	55202112	55.2021	1086946887	1086.95	39.33
OG12_v230512.hifi1.0.hifiasm.bp.hap1.p_ctg.assembly.summary.txt			0			0		0		0	39.74
OG12_v230512.hifi1.0.hifiasm.bp.hap2.p_ctg.assembly.summary.txt			0			0		0		0	39.73
OG13_v230223.hifi1.0.hifiasm.bp.hap1.p_ctg.assembly.summary.txt			0			0		0		0	40.17
OG13_v230223.hifi1.0.hifiasm.bp.hap2.p_ctg.assembly.summary.txt			0			0		0		0	40.17
OG14_v230223.hifi1.0.hifiasm.bp.hap1.p_ctg.assembly.summary.txt			0			0		0		0	40.59
OG14_v230223.hifi1.0.hifiasm.bp.hap2.p_ctg.assembly.summary.txt			0			0		0		0	40.59
OG15_v230413.hifi1.0.hifiasm.bp.hap1.p_ctg.assembly.summary.txt			0			0		0		0	39.84
OG15_v230413.hifi1.0.hifiasm.bp.hap2.p_ctg.assembly.summary.txt			0			0		0		0	39.81
OG16_v240427.hifi1.0.hifiasm.a_ctg.assembly.summary.txt	1313	7411290	7.41129	1313	7411290	7.41129	26949379	26.9494	986846161	986.846	39.63
OG16_v240427.hifi1.0.hifiasm.p_ctg.assembly.summary.txt	122	40897831	40.8978	122	40897831	40.8978	50177865	50.1779	978945555	978.946	39.60
OG27_v230512.hifi1.0.hifiasm.bp.hap1.p_ctg.assembly.summary.txt			0			0		0		0	44.88
OG27_v230512.hifi1.0.hifiasm.bp.hap2.p_ctg.assembly.summary.txt			0			0		0		0	44.82
OG35_v231027.hifi1.0.hifiasm.a_ctg.assembly.summary.txt	779	5068744	5.06874	779	5068744	5.06874	15560835	15.5608	641282016	641.282	45.60
OG35_v231027.hifi1.0.hifiasm.p_ctg.assembly.summary.txt	109	22698732	22.6987	109	22698732	22.6987	29970307	29.9703	643134226	643.134	45.58
OG37_v240116.hifi1.0.hifiasm.a_ctg.assembly.summary.txt	921	8055182	8.05518	921	8055182	8.05518	25184283	25.1843	610718349	610.718	43.45
OG37_v240116.hifi1.0.hifiasm.p_ctg.assembly.summary.txt	179	23975222	23.9752	179	23975222	23.9752	30823570	30.8236	604239305	604.239	43.45
OG38_v230609.hifi1.0.hifiasm.bp.hap2.p_ctg.assembly.summary.txt			0			0		0		0	41.40
OG39_v241018.hifi1.0.hifiasm.a_ctg.assembly_summary.txt	2512	762313	0.762313	2512	762313	0.762313	4661567	4.66157	517009885	517.01	45.83
OG39_v241018.hifi1.0.hifiasm.p_ctg.assembly_summary.txt	366	7342039	7.34204	366	7342039	7.34204	38741226	38.7412	551398352	551.398	45.79
OG40_v241004.hifi1.0.hifiasm.a_ctg.assembly_summary.txt	1567	2626987	2.62699	1567	2626987	2.62699	14228714	14.2287	677632956	677.633	42.23
OG40_v241004.hifi1.0.hifiasm.p_ctg.assembly_summary.txt	206	28220179	28.2202	206	28220179	28.2202	34063360	34.0634	674917966	674.918	42.24
OG42_v240215.hifi1.0.hifiasm.a_ctg.assembly.summary.txt	2538	2949732	2.94973	2538	2949732	2.94973	12630116	12.6301	865541328	865.541	40.73
OG42_v240215.hifi1.0.hifiasm.p_ctg.assembly.summary.txt	678	18137627	18.1376	678	18137627	18.1376	41276178	41.2762	867895310	867.895	40.76
OG46_v240215.hifi1.0.hifiasm.a_ctg.assembly.summary.txt	771	16657179	16.6572	771	16657179	16.6572	30351399	30.3514	744510946	744.511	41.45
OG46_v240215.hifi1.0.hifiasm.p_ctg.assembly.summary.txt	101	31553208	31.5532	101	31553208	31.5532	37678572	37.6786	740767836	740.768	41.45
OG47_v231115.hifi1.0.hifiasm.a_ctg.assembly.summary.txt	1327	5363165	5.36317	1327	5363165	5.36317	16393610	16.3936	699201187	699.201	41.44
OG47_v231115.hifi1.0.hifiasm.p_ctg.assembly.summary.txt	111	28814240	28.8142	111	28814240	28.8142	56252434	56.2524	679800608	679.801	41.42
OG52_v230825.hifi1.0.hifiasm.a_ctg.assembly.summary.txt	943	4190125	4.19013	943	4190125	4.19013	13915181	13.9152	615101639	615.102	42.77
OG52_v230825.hifi1.0.hifiasm.p_ctg.assembly.summary.txt	154	23217728	23.2177	154	23217728	23.2177	29934604	29.9346	611629003	611.629	42.77
OG53_v230915.hifi1.0.hifiasm.a_ctg.assembly.summary.txt	864	10552771	10.5528	864	10552771	10.5528	25532288	25.5323	734574126	734.574	43.33
OG53_v230915.hifi1.0.hifiasm.p_ctg.assembly.summary.txt	157	30311563	30.3116	157	30311563	30.3116	36780980	36.781	746342534	746.343	43.35
OG54_v241004.hifi1.0.hifiasm.a_ctg.assembly_summary.txt	2297	1973094	1.97309	2297	1973094	1.97309	8830201	8.8302	855935991	855.936	40.90
OG54_v241004.hifi1.0.hifiasm.p_ctg.assembly_summary.txt	642	12224852	12.2249	642	12224852	12.2249	40420823	40.4208	881096242	881.096	40.85
OG55_v231115.hifi1.0.hifiasm.a_ctg.assembly.summary.txt	1034	7915905	7.91591	1034	7915905	7.91591	24604301	24.6043	697864164	697.864	40.78
OG55_v231115.hifi1.0.hifiasm.p_ctg.assembly.summary.txt	654	24761363	24.7614	654	24761363	24.7614	33226952	33.227	709042722	709.043	40.46
OG56_v240116.hifi1.0.hifiasm.a_ctg.assembly.summary.txt	26161	90167	0.090167	26161	90167	0.090167	685391	0.685391	1422355237	1422.36	39.64
OG56_v240116.hifi1.0.hifiasm.p_ctg.assembly.summary.txt	10240	508319	0.508319	10240	508319	0.508319	3170567	3.17057	2274620156	2274.62	39.70
OG57_v231027.hifi1.0.hifiasm.a_ctg.assembly.summary.txt	2151	2601206	2.60121	2151	2601206	2.60121	9217713	9.21771	617025840	617.026	40.77
OG57_v231027.hifi1.0.hifiasm.p_ctg.assembly.summary.txt	192	20154885	20.1549	192	20154885	20.1549	30046415	30.0464	606294863	606.295	40.72
OG58_v250704.hifi1.0.hifiasm.a_ctg.assembly_summary.txt	8764	206835	0.206835	8764	206835	0.206835	2938911	2.93891	597944006	597.944	44.44
OG58_v250704.hifi1.0.hifiasm.p_ctg.assembly_summary.txt	1783	4181583	4.18158	1783	4181583	4.18158	15683161	15.6832	639387546	639.388	44.82
OG60_v241127.hifi1.0.hifiasm.a_ctg.assembly_summary.txt	1348	4939963	4.93996	1348	4939963	4.93996	15881388	15.8814	785957581	785.958	41.58
OG60_v241127.hifi1.0.hifiasm.p_ctg.assembly_summary.txt	380	21966453	21.9665	380	21966453	21.9665	46064027	46.064	809032256	809.032	41.67
OG62_v250307.hifi1.0.hifiasm.a_ctg.assembly_summary.txt	11141	92731	0.092731	11141	92731	0.092731	705024	0.705024	550343830	550.344	43.99
OG62_v250307.hifi1.0.hifiasm.p_ctg.assembly_summary.txt	2628	768248	0.768248	2628	768248	0.768248	5842625	5.84262	652186341	652.186	44.05
OG64_v250307.hifi1.0.hifiasm.a_ctg.assembly_summary.txt	3484	1232660	1.23266	3484	1232660	1.23266	7918206	7.91821	497181936	497.182	40.22
OG64_v250307.hifi1.0.hifiasm.p_ctg.assembly_summary.txt	894	11847102	11.8471	894	11847102	11.8471	23712278	23.7123	485669108	485.669	40.30
OG65_v250704.hifi1.0.hifiasm.a_ctg.assembly_summary.txt	2319	1192447	1.19245	2319	1192447	1.19245	5500348	5.50035	608678685	608.679	39.35
OG65_v250704.hifi1.0.hifiasm.p_ctg.assembly_summary.txt	155	25960795	25.9608	155	25960795	25.9608	49178278	49.1783	618901429	618.901	39.39
OG67_v241127.hifi1.0.hifiasm.a_ctg.assembly_summary.txt	4180	684824	0.684824	4180	684824	0.684824	4055234	4.05523	638194828	638.195	38.68
OG67_v241127.hifi1.0.hifiasm.p_ctg.assembly_summary.txt	1046	8732412	8.73241	1046	8732412	8.73241	27325460	27.3255	707004065	707.004	38.49
OG70_v250307.hifi1.0.hifiasm.a_ctg.assembly_summary.txt	4221	1007338	1.00734	4221	1007338	1.00734	8861327	8.86133	823668603	823.669	37.61
OG70_v250307.hifi1.0.hifiasm.p_ctg.assembly_summary.txt	870	9605595	9.60559	870	9605595	9.60559	29038725	29.0387	943092407	943.092	37.68
OG72_v241023.hifi1.0.hifiasm.a_ctg.assembly_summary.txt	3200	1453235	1.45324	3200	1453235	1.45324	6788737	6.78874	531925040	531.925	45.14
OG72_v241023.hifi1.0.hifiasm.p_ctg.assembly_summary.txt	391	9972423	9.97242	391	9972423	9.97242	23883143	23.8831	529306544	529.307	45.26
OG79_v240427.hifi1.0.hifiasm.a_ctg.assembly.summary.txt	12495	78311	0.078311	12495	78311	0.078311	2420763	2.42076	500571937	500.572	48.81
OG79_v240427.hifi1.0.hifiasm.p_ctg.assembly.summary.txt	5014	521757	0.521757	5014	521757	0.521757	8510834	8.51083	727909672	727.91	48.97
OG81_v250704.hifi1.0.hifiasm.a_ctg.assembly_summary.txt	5201	774388	0.774388	5201	774388	0.774388	9456859	9.45686	595590269	595.59	39.19
OG81_v250704.hifi1.0.hifiasm.p_ctg.assembly_summary.txt	1404	4718586	4.71859	1404	4718586	4.71859	21254078	21.2541	808361324	808.361	39.48
OG85_v240927.hifi1.0.hifiasm.a_ctg.assembly_summary.txt	1691	1926523	1.92652	1691	1926523	1.92652	9220356	9.22036	710731447	710.731	40.28
OG85_v240927.hifi1.0.hifiasm.p_ctg.assembly_summary.txt	180	26799791	26.7998	180	26799791	26.7998	58075750	58.0757	696480118	696.48	40.36
OG90_v240821.hifi1.0.hifiasm.a_ctg.assembly.summary.txt	1260	4839017	4.83902	1260	4839017	4.83902	14771164	14.7712	661128019	661.128	42.20
OG90_v240821.hifi1.0.hifiasm.p_ctg.assembly.summary.txt	318	25888325	25.8883	318	25888325	25.8883	50376601	50.3766	672043240	672.043	42.32
OG90_bc2008_v240821.hifi1.0.hifiasm.a_ctg.assembly.summary.txt	8328	214340	0.21434	8328	214340	0.21434	1429652	1.42965	646822778	646.823	41.97
OG90_bc2008_v240821.hifi1.0.hifiasm.p_ctg.assembly.summary.txt	2166	1594923	1.59492	2166	1594923	1.59492	9190835	9.19083	691865268	691.865	42.20
OG95_v230525.hifi1.0.hifiasm.bp.hap1.p_ctg.assembly.summary.txt			0			0		0		0	39.73
OG95_v230525.hifi1.0.hifiasm.bp.hap2.p_ctg.assembly.summary.txt			0			0		0		0	39.71
OG99_v240215.hifi1.0.hifiasm.a_ctg.assembly.summary.txt	1404	5393472	5.39347	1404	5393472	5.39347	18012767	18.0128	709319119	709.319	42.00
OG99_v240215.hifi1.0.hifiasm.p_ctg.assembly.summary.txt	110	28141650	28.1416	110	28141650	28.1416	36346702	36.3467	703791777	703.792	42.16
OG100_v240116.hifi1.0.hifiasm.a_ctg.assembly.summary.txt	2061	4113072	4.11307	2061	4113072	4.11307	15644386	15.6444	541732478	541.732	43.02
OG100_v240116.hifi1.0.hifiasm.p_ctg.assembly.summary.txt	1923	22228780	22.2288	1923	22228780	22.2288	43490430	43.4904	577629030	577.629	42.27
OG104_v250113.hifi1.0.hifiasm.a_ctg.assembly_summary.txt	30408	26557	0.026557	30408	26557	0.026557	2992375	2.99238	898237234	898.237	44.99
OG104_v250113.hifi1.0.hifiasm.p_ctg.assembly_summary.txt	535	9329043	9.32904	535	9329043	9.32904	34010179	34.0102	667819544	667.82	45.68
OG105_v231027.hifi1.0.hifiasm.a_ctg.assembly.summary.txt	3232	1854386	1.85439	3232	1854386	1.85439	10018755	10.0188	799669773	799.67	42.47
OG105_v231027.hifi1.0.hifiasm.p_ctg.assembly.summary.txt	748	17935352	17.9354	748	17935352	17.9354	32769684	32.7697	783808368	783.808	42.47
OG106_v240927.hifi1.0.hifiasm.a_ctg.assembly_summary.txt	2924	625569	0.625569	2924	625569	0.625569	6693965	6.69397	535414599	535.415	46.03
OG106_v240927.hifi1.0.hifiasm.p_ctg.assembly_summary.txt	766	4923088	4.92309	766	4923088	4.92309	18791028	18.791	591813318	591.813	45.58
OG108_v231027.hifi1.0.hifiasm.a_ctg.assembly.summary.txt	2961	1092990	1.09299	2961	1092990	1.09299	6192125	6.19212	795383211	795.383	41.20
OG108_v231027.hifi1.0.hifiasm.p_ctg.assembly.summary.txt	281	26494237	26.4942	281	26494237	26.4942	33881441	33.8814	789602125	789.602	41.25
OG111_v241018.hifi1.0.hifiasm.a_ctg.assembly_summary.txt	3898	4688116	4.68812	3898	4688116	4.68812	23725870	23.7259	770919243	770.919	43.50
OG111_v241018.hifi1.0.hifiasm.p_ctg.assembly_summary.txt	522	22034057	22.0341	522	22034057	22.0341	29872762	29.8728	749780531	749.781	43.47
OG113_v231027.hifi1.0.hifiasm.a_ctg.assembly.summary.txt	2685	3498753	3.49875	2685	3498753	3.49875	15521043	15.521	852736451	852.736	41.85
OG113_v231027.hifi1.0.hifiasm.p_ctg.assembly.summary.txt	262	30174535	30.1745	262	30174535	30.1745	47836977	47.837	879919792	879.92	41.83
OG114_v240116.hifi1.0.hifiasm.a_ctg.assembly.summary.txt	1577	3622581	3.62258	1577	3622581	3.62258	14640136	14.6401	853540348	853.54	41.31
OG114_v240116.hifi1.0.hifiasm.p_ctg.assembly.summary.txt	139	35301765	35.3018	139	35301765	35.3018	40393499	40.3935	842736570	842.737	41.30
OG115_v240125.hifi1.0.hifiasm.a_ctg.assembly.summary.txt	1747	6045233	6.04523	1747	6045233	6.04523	24535998	24.536	608411127	608.411	41.99
OG115_v240125.hifi1.0.hifiasm.p_ctg.assembly.summary.txt	185	23612383	23.6124	185	23612383	23.6124	39089718	39.0897	590307669	590.308	41.98
OG637_v240206.hifi1.0.hifiasm.a_ctg.assembly.summary.txt	12944	888520	0.88852	12944	888520	0.88852	6920356	6.92036	3535727841	3535.73	43.74
OG637_v240206.hifi1.0.hifiasm.p_ctg.assembly.summary.txt	2405	5942117	5.94212	2405	5942117	5.94212	49248674	49.2487	3742750213	3742.75	44.17
OG645_v240417.hifi1.0.hifiasm.a_ctg.assembly.summary.txt	848	11729400	11.7294	848	11729400	11.7294	27883258	27.8833	810995822	810.996	39.77
OG645_v240417.hifi1.0.hifiasm.p_ctg.assembly.summary.txt	134	32713242	32.7132	134	32713242	32.7132	41892458	41.8925	806856187	806.856	39.82
OG646_v240821.hifi1.0.hifiasm.a_ctg.assembly.summary.txt	5676	484544	0.484544	5676	484544	0.484544	4851928	4.85193	1130143544	1130.14	39.76
OG646_v240821.hifi1.0.hifiasm.p_ctg.assembly.summary.txt	200	31534305	31.5343	200	31534305	31.5343	55722113	55.7221	1152795599	1152.8	39.76
OG647_v230915.hifi1.0.hifiasm.a_ctg.assembly.summary.txt	1108	11629238	11.6292	1108	11629238	11.6292	35385260	35.3853	1335269007	1335.27	39.65
OG647_v230915.hifi1.0.hifiasm.p_ctg.assembly.summary.txt	121	54610055	54.6101	121	54610055	54.6101	64084917	64.0849	1342843030	1342.84	39.67
OG648_v250704.hifi1.0.hifiasm.a_ctg.assembly_summary.txt	1543	2962543	2.96254	1543	2962543	2.96254	10289615	10.2896	964729560	964.73	39.37
OG648_v250704.hifi1.0.hifiasm.p_ctg.assembly_summary.txt	187	36082739	36.0827	187	36082739	36.0827	46724362	46.7244	963838136	963.838	39.37
OG649_v240417.hifi1.0.hifiasm.a_ctg.assembly.summary.txt	1689	2343696	2.3437	1689	2343696	2.3437	11447660	11.4477	634175167	634.175	43.42
OG649_v240417.hifi1.0.hifiasm.p_ctg.assembly.summary.txt	519	11544534	11.5445	519	11544534	11.5445	24017990	24.018	636428253	636.428	43.57
OG650_v240327.hifi1.0.hifiasm.a_ctg.assembly.summary.txt	907	15770463	15.7705	907	15770463	15.7705	63260142	63.2601	1326508250	1326.51	39.45
OG651_v240327.hifi1.0.hifiasm.a_ctg.assembly.summary.txt	4213	2233061	2.23306	4213	2233061	2.23306	20488620	20.4886	1243142294	1243.14	39.62
OG651_v240327.hifi1.0.hifiasm.p_ctg.assembly.summary.txt	384	47169105	47.1691	384	47169105	47.1691	57902229	57.9022	1222776913	1222.78	39.66
OG652_v240327.hifi1.0.hifiasm.a_ctg.assembly.summary.txt	907	9959538	9.95954	907	9959538	9.95954	30540886	30.5409	817385487	817.385	39.94
OG652_v240327.hifi1.0.hifiasm.p_ctg.assembly.summary.txt	215	32421822	32.4218	215	32421822	32.4218	43138716	43.1387	812959794	812.96	40.01
OG654_v240327.hifi1.0.hifiasm.a_ctg.assembly.summary.txt	8234	978949	0.978949	8234	978949	0.978949	9162477	9.16248	1010707655	1010.71	40.00
OG654_v240327.hifi1.0.hifiasm.p_ctg.assembly.summary.txt	426	11056365	11.0564	426	11056365	11.0564	37511706	37.5117	923312815	923.313	39.92
OG657_v230915.hifi1.0.hifiasm.a_ctg.assembly.summary.txt	1944	4412411	4.41241	1944	4412411	4.41241	20972100	20.9721	1172541673	1172.54	39.72
OG658_v240327.hifi1.0.hifiasm.a_ctg.assembly.summary.txt	3269	1520424	1.52042	3269	1520424	1.52042	7806993	7.80699	1033575210	1033.58	40.32
OG658_v240327.hifi1.0.hifiasm.p_ctg.assembly.summary.txt	343	34871074	34.8711	343	34871074	34.8711	47297987	47.298	1042278493	1042.28	40.31
OG659_v240427.hifi1.0.hifiasm.a_ctg.assembly.summary.txt	8596	528936	0.528936	8596	528936	0.528936	3747082	3.74708	932183566	932.184	43.60
OG659_v240427.hifi1.0.hifiasm.p_ctg.assembly.summary.txt	1086	5386037	5.38604	1086	5386037	5.38604	22469508	22.4695	890781290	890.781	43.80
OG660_v240228.hifi1.0.hifiasm.a_ctg.assembly.summary.txt	6107	663381	0.663381	6107	663381	0.663381	5198646	5.19865	744826936	744.827	43.01
OG660_v240228.hifi1.0.hifiasm.p_ctg.assembly.summary.txt	734	14438596	14.4386	734	14438596	14.4386	31299629	31.2996	729231755	729.232	43.04
OG662_v240327.hifi1.0.hifiasm.a_ctg.assembly.summary.txt	5400	1277566	1.27757	5400	1277566	1.27757	9748086	9.74809	707257517	707.258	43.28
OG662_v240327.hifi1.0.hifiasm.p_ctg.assembly.summary.txt	163	27564036	27.564	163	27564036	27.564	72654685	72.6547	625466304	625.466	43.48
OG664_v241018.hifi1.0.hifiasm.a_ctg.assembly_summary.txt	2006	3260343	3.26034	2006	3260343	3.26034	15119434	15.1194	981998443	981.998	40.82
OG665_v240501.hifi1.0.hifiasm.a_ctg.assembly.summary.txt	510	16474538	16.4745	510	16474538	16.4745	28581186	28.5812	642544957	642.545	42.33
OG665_v240501.hifi1.0.hifiasm.p_ctg.assembly.summary.txt	106	27425959	27.426	106	27425959	27.426	34058456	34.0585	636575150	636.575	42.36
OG666_v241004.hifi1.0.hifiasm.a_ctg.assembly_summary.txt	949	11421636	11.4216	949	11421636	11.4216	39924060	39.9241	1078825937	1078.83	41.15
OG666_v241004.hifi1.0.hifiasm.p_ctg.assembly_summary.txt	123	45186996	45.187	123	45186996	45.187	52917620	52.9176	1086211980	1086.21	41.20
OG672_v240215.hifi1.0.hifiasm.a_ctg.assembly.summary.txt	1722	23002764	23.0028	1722	23002764	23.0028	44834845	44.8348	1067489277	1067.49	40.64
OG672_v240215.hifi1.0.hifiasm.p_ctg.assembly.summary.txt	180	43088807	43.0888	180	43088807	43.0888	63580671	63.5807	1053880028	1053.88	40.68
OG673_v240417.hifi1.0.hifiasm.a_ctg.assembly.summary.txt	2750	2296408	2.29641	2750	2296408	2.29641	12067122	12.0671	846367299	846.367	39.53
OG673_v240417.hifi1.0.hifiasm.p_ctg.assembly.summary.txt	262	33606243	33.6062	262	33606243	33.6062	40678746	40.6787	814502741	814.503	39.57
OG676_v240327.hifi1.0.hifiasm.a_ctg.assembly.summary.txt	769	11647275	11.6473	769	11647275	11.6473	26574614	26.5746	674229687	674.23	39.97
OG676_v240327.hifi1.0.hifiasm.p_ctg.assembly.summary.txt	132	27423612	27.4236	132	27423612	27.4236	60621484	60.6215	671395992	671.396	40.01
OG678_v240327.hifi1.0.hifiasm.a_ctg.assembly.summary.txt	4696	2337952	2.33795	4696	2337952	2.33795	12630588	12.6306	816671128	816.671	39.95
OG678_v240327.hifi1.0.hifiasm.p_ctg.assembly.summary.txt	162	30048205	30.0482	162	30048205	30.0482	37876609	37.8766	740053527	740.054	40.08
OG679_v250307.hifi1.0.hifiasm.a_ctg.assembly_summary.txt	1088	3143227	3.14323	1088	3143227	3.14323	10702109	10.7021	674930400	674.93	40.07
OG679_v250307.hifi1.0.hifiasm.p_ctg.assembly_summary.txt	137	26337453	26.3375	137	26337453	26.3375	31664705	31.6647	665083064	665.083	40.12
OG680_v241004.hifi1.0.hifiasm.a_ctg.assembly_summary.txt	2838	1204541	1.20454	2838	1204541	1.20454	13499828	13.4998	539715849	539.716	45.40
OG680_v241004.hifi1.0.hifiasm.p_ctg.assembly_summary.txt	114	20533686	20.5337	114	20533686	20.5337	40279353	40.2794	512576066	512.576	45.25
OG681_v250307.hifi1.0.hifiasm.a_ctg.assembly_summary.txt	722	7102117	7.10212	722	7102117	7.10212	20868344	20.8683	753188832	753.189	40.73
OG681_v250307.hifi1.0.hifiasm.p_ctg.assembly_summary.txt	64	33007552	33.0076	64	33007552	33.0076	39455444	39.4554	780379183	780.379	40.70
OG683_v240821.hifi1.0.hifiasm.a_ctg.assembly.summary.txt	1406	3745299	3.7453	1406	3745299	3.7453	16457508	16.4575	1153945167	1153.95	39.75
OG683_v240821.hifi1.0.hifiasm.p_ctg.assembly.summary.txt	130	45977905	45.9779	130	45977905	45.9779	56716897	56.7169	1157630641	1157.63	39.74
OG686_v241004.hifi1.0.hifiasm.a_ctg.assembly_summary.txt	1758	1906647	1.90665	1758	1906647	1.90665	10871307	10.8713	642484345	642.484	42.87
OG686_v241004.hifi1.0.hifiasm.p_ctg.assembly_summary.txt	793	25234909	25.2349	793	25234909	25.2349	31576444	31.5764	672741960	672.742	43.30
OG695_v240520.hifi1.0.hifiasm.a_ctg.assembly.summary.txt	8937	1166509	1.16651	8937	1166509	1.16651	17526453	17.5265	1112462054	1112.46	40.46
OG695_v240520.hifi1.0.hifiasm.p_ctg.assembly.summary.txt	440	24333501	24.3335	440	24333501	24.3335	37298656	37.2987	953721022	953.721	40.71
OG696_v240228.hifi1.0.hifiasm.a_ctg.assembly.summary.txt	1159	7855574	7.85557	1159	7855574	7.85557	25390976	25.391	1450033150	1450.03	39.75
OG696_v240228.hifi1.0.hifiasm.p_ctg.assembly.summary.txt	108	60702558	60.7026	108	60702558	60.7026	72607140	72.6071	1457894689	1457.89	39.71
OG698_v241004.hifi1.0.hifiasm.a_ctg.assembly_summary.txt	4197	1002924	1.00292	4197	1002924	1.00292	5967623	5.96762	1049551195	1049.55	41.40
OG698_v241004.hifi1.0.hifiasm.p_ctg.assembly_summary.txt	134	40546526	40.5465	134	40546526	40.5465	53101967	53.102	1091286078	1091.29	41.38
OG699_v250317.hifi1.0.hifiasm.a_ctg.assembly_summary.txt	2345	3896664	3.89666	2345	3896664	3.89666	18784075	18.7841	1235442281	1235.44	39.61
OG699_v250317.hifi1.0.hifiasm.p_ctg.assembly_summary.txt	149	46078942	46.0789	149	46078942	46.0789	58416398	58.4164	1242893031	1242.89	39.62
OG701_v240427.hifi1.0.hifiasm.a_ctg.assembly.summary.txt	2617	4855773	4.85577	2617	4855773	4.85577	19834025	19.834	1046318461	1046.32	40.05
OG701_v240427.hifi1.0.hifiasm.p_ctg.assembly.summary.txt	424	42808099	42.8081	424	42808099	42.8081	53172192	53.1722	1061990585	1061.99	39.85
OG702_v240501.hifi1.0.hifiasm.a_ctg.assembly.summary.txt	2724	10012190	10.0122	2724	10012190	10.0122	34586881	34.5869	1171695628	1171.7	40.18
OG702_v240501.hifi1.0.hifiasm.p_ctg.assembly.summary.txt	726	48018631	48.0186	726	48018631	48.0186	60623595	60.6236	1178267691	1178.27	40.24
OG704_v240417.hifi1.0.hifiasm.a_ctg.assembly.summary.txt	1797	5654963	5.65496	1797	5654963	5.65496	21010934	21.0109	644847712	644.848	42.92
OG704_v240417.hifi1.0.hifiasm.p_ctg.assembly.summary.txt	285	17818886	17.8189	285	17818886	17.8189	27427848	27.4278	621824502	621.825	42.98
OG706_v240206.hifi1.0.hifiasm.a_ctg.assembly.summary.txt	40124	567994	0.567994	40124	567994	0.567994	7212840	7.21284	5288864180	5288.86	48.36
OG706_v240206.hifi1.0.hifiasm.p_ctg.assembly.summary.txt	10225	2050249	2.05025	10225	2050249	2.05025	14817249	14.8172	5761406030	5761.41	48.64
OG709_v230915.hifi1.0.hifiasm.a_ctg.assembly.summary.txt	1257	5842869	5.84287	1257	5842869	5.84287	17697682	17.6977	574159731	574.16	40.31
OG709_v230915.hifi1.0.hifiasm.p_ctg.assembly.summary.txt	238	22406803	22.4068	238	22406803	22.4068	29071562	29.0716	583719170	583.719	40.55
OG711_v230915.hifi1.0.hifiasm.a_ctg.assembly.summary.txt	1464	1605162	1.60516	1464	1605162	1.60516	6491590	6.49159	605581887	605.582	42.13
OG711_v230915.hifi1.0.hifiasm.p_ctg.assembly.summary.txt	148	21200817	21.2008	148	21200817	21.2008	30762762	30.7628	617243040	617.243	42.27
OG716_v250704.hifi1.0.hifiasm.a_ctg.assembly_summary.txt	20172	55667	0.055667	20172	55667	0.055667	466229	0.466229	905809336	905.809	39.24
OG716_v250704.hifi1.0.hifiasm.p_ctg.assembly_summary.txt	8843	281059	0.281059	8843	281059	0.281059	1853519	1.85352	1474328650	1474.33	39.66
OG721_v230915.hifi1.0.hifiasm.a_ctg.assembly.summary.txt	12040	446312	0.446312	12040	446312	0.446312	4669903	4.6699	1107645681	1107.65	40.97
OG721_v230915.hifi1.0.hifiasm.p_ctg.assembly.summary.txt	813	7941364	7.94136	813	7941364	7.94136	23783780	23.7838	1030920571	1030.92	41.65
OG748_v241018.hifi1.0.hifiasm.a_ctg.assembly_summary.txt	955	11469623	11.4696	955	11469623	11.4696	29962762	29.9628	865604602	865.605	40.26
OG748_v241018.hifi1.0.hifiasm.p_ctg.assembly_summary.txt	171	33110135	33.1101	171	33110135	33.1101	42935955	42.936	855463672	855.464	40.24
OG749_v241018.hifi1.0.hifiasm.a_ctg.assembly_summary.txt	2324	1320177	1.32018	2324	1320177	1.32018	8310552	8.31055	842417333	842.417	40.77
OG749_v241018.hifi1.0.hifiasm.p_ctg.assembly_summary.txt	211	28768473	28.7685	211	28768473	28.7685	38284032	38.284	846721139	846.721	40.77
OG750_v241004.hifi1.0.hifiasm.a_ctg.assembly_summary.txt	1308	4013812	4.01381	1308	4013812	4.01381	17851319	17.8513	835770101	835.77	40.42
OG750_v241004.hifi1.0.hifiasm.p_ctg.assembly_summary.txt	390	23627152	23.6272	390	23627152	23.6272	40850411	40.8504	988815255	988.815	40.73
OG751_v250317.hifi1.0.hifiasm.a_ctg.assembly_summary.txt	1038	10439360	10.4394	1038	10439360	10.4394	34414855	34.4149	836462796	836.463	40.44
OG751_v250317.hifi1.0.hifiasm.p_ctg.assembly_summary.txt	188	31341530	31.3415	188	31341530	31.3415	41964595	41.9646	833332796	833.333	40.47
OG755_v240821.hifi1.0.hifiasm.a_ctg.assembly.summary.txt	1360	3716422	3.71642	1360	3716422	3.71642	15657516	15.6575	671325298	671.325	41.67
OG755_v240821.hifi1.0.hifiasm.a_ctg.assembly_summary.txt	1362	3654486	3.65449	1362	3654486	3.65449	15657516	15.6575	671219471	671.219	41.66
OG755_v240821.hifi1.0.hifiasm.p_ctg.assembly.summary.txt	122	27068235	27.0682	122	27068235	27.0682	33480176	33.4802	670158125	670.158	41.64
OG755_v240821.hifi1.0.hifiasm.p_ctg.assembly_summary.txt	125	27068238	27.0682	125	27068238	27.0682	33480176	33.4802	670410252	670.41	41.64
OG756_v250704.hifi1.0.hifiasm.a_ctg.assembly_summary.txt	5987	1356574	1.35657	5987	1356574	1.35657	12777166	12.7772	1115743240	1115.74	38.13
OG756_v250704.hifi1.0.hifiasm.p_ctg.assembly_summary.txt	660	17189731	17.1897	660	17189731	17.1897	58273753	58.2738	1225204578	1225.2	38.20
OG757_v241018.hifi1.0.hifiasm.a_ctg.assembly_summary.txt	1496	1928154	1.92815	1496	1928154	1.92815	9071905	9.0719	650529361	650.529	41.49
OG757_v241018.hifi1.0.hifiasm.p_ctg.assembly_summary.txt	168	26174463	26.1745	168	26174463	26.1745	31839695	31.8397	649836870	649.837	41.44
OG758_v241127.hifi1.0.hifiasm.a_ctg.assembly_summary.txt	11490	194705	0.194705	11490	194705	0.194705	1798464	1.79846	683315517	683.316	44.52
OG758_v241127.hifi1.0.hifiasm.p_ctg.assembly_summary.txt	1589	1990994	1.99099	1589	1990994	1.99099	9163163	9.16316	708123742	708.124	44.54
OG759_v240520.hifi1.0.hifiasm.a_ctg.assembly.summary.txt	1516	7781110	7.78111	1516	7781110	7.78111	21077184	21.0772	842420140	842.42	41.27
OG759_v240520.hifi1.0.hifiasm.p_ctg.assembly.summary.txt	141	36861143	36.8611	141	36861143	36.8611	71025465	71.0255	844624833	844.625	41.29
OG760_v240520.hifi1.0.hifiasm.a_ctg.assembly.summary.txt	4766	1781280	1.78128	4766	1781280	1.78128	11129744	11.1297	1274585178	1274.59	38.81
OG760_v240520.hifi1.0.hifiasm.p_ctg.assembly.summary.txt	105	43009462	43.0095	105	43009462	43.0095	60370809	60.3708	1211994521	1211.99	38.84
OG762_v241018.hifi1.0.hifiasm.a_ctg.assembly_summary.txt	1610	10528967	10.529	1610	10528967	10.529	24180870	24.1809	685401983	685.402	43.00
OG762_v241018.hifi1.0.hifiasm.p_ctg.assembly_summary.txt	107	28496025	28.496	107	28496025	28.496	55016228	55.0162	659136468	659.136	42.99
OG765_v240821.hifi1.0.hifiasm.a_ctg.assembly.summary.txt	5551	732598	0.732598	5551	732598	0.732598	4824327	4.82433	1065863707	1065.86	40.24
OG765_v240821.hifi1.0.hifiasm.p_ctg.assembly.summary.txt	1367	7789384	7.78938	1367	7789384	7.78938	28168668	28.1687	1122557478	1122.56	40.46
OG766_v241004.hifi1.0.hifiasm.a_ctg.assembly_summary.txt	480	7829470	7.82947	480	7829470	7.82947	21440932	21.4409	664389429	664.389	41.40
OG766_v241004.hifi1.0.hifiasm.p_ctg.assembly_summary.txt	72	26235427	26.2354	72	26235427	26.2354	32111103	32.1111	668945398	668.945	41.39
OG767_v241004.hifi1.0.hifiasm.a_ctg.assembly_summary.txt	2764	2186821	2.18682	2764	2186821	2.18682	12586462	12.5865	1575093999	1575.09	38.84
OG767_v241004.hifi1.0.hifiasm.p_ctg.assembly_summary.txt	302	30668573	30.6686	302	30668573	30.6686	72366721	72.3667	1622371933	1622.37	38.81
OG770_v241127.hifi1.0.hifiasm.a_ctg.assembly_summary.txt	7788	347592	0.347592	7788	347592	0.347592	4528677	4.52868	668647058	668.647	40.73
OG770_v241127.hifi1.0.hifiasm.p_ctg.assembly_summary.txt	6896	2062818	2.06282	6896	2062818	2.06282	10409584	10.4096	862885895	862.886	40.65
OG775_v241004.hifi1.0.hifiasm.a_ctg.assembly_summary.txt	882	10974260	10.9743	882	10974260	10.9743	29324250	29.3242	599483371	599.483	44.20
OG775_v241004.hifi1.0.hifiasm.p_ctg.assembly_summary.txt	284	24275174	24.2752	284	24275174	24.2752	37177268	37.1773	592825004	592.825	44.14
OG777_v240520.hifi1.0.hifiasm.a_ctg.assembly.summary.txt	814	18087760	18.0878	814	18087760	18.0878	28829739	28.8297	624685994	624.686	43.64
OG777_v240520.hifi1.0.hifiasm.p_ctg.assembly.summary.txt	286	28679625	28.6796	286	28679625	28.6796	46505569	46.5056	653384922	653.385	43.75
OG778_v241018.hifi1.0.hifiasm.a_ctg.assembly_summary.txt	2710	836676	0.836676	2710	836676	0.836676	4524182	4.52418	735890698	735.891	41.54
OG778_v241018.hifi1.0.hifiasm.p_ctg.assembly_summary.txt	242	17418171	17.4182	242	17418171	17.4182	31166650	31.1667	737436439	737.436	41.58
OG781_v250317.hifi1.0.hifiasm.a_ctg.assembly_summary.txt	4144	516496	0.516496	4144	516496	0.516496	3239891	3.23989	684504066	684.504	45.12
OG781_v250317.hifi1.0.hifiasm.p_ctg.assembly_summary.txt	330	7885782	7.88578	330	7885782	7.88578	23838883	23.8389	699378389	699.378	45.22
OG784_v241018.hifi1.0.hifiasm.a_ctg.assembly_summary.txt	898	4158742	4.15874	898	4158742	4.15874	13522680	13.5227	653079581	653.08	42.23
OG784_v241018.hifi1.0.hifiasm.p_ctg.assembly_summary.txt	62	27860441	27.8604	62	27860441	27.8604	34635733	34.6357	657607100	657.607	42.22
OG785_v241004.hifi1.0.hifiasm.a_ctg.assembly_summary.txt	796	15636190	15.6362	796	15636190	15.6362	36052839	36.0528	886224154	886.224	40.37
OG785_v241004.hifi1.0.hifiasm.p_ctg.assembly_summary.txt	66	37345710	37.3457	66	37345710	37.3457	78539857	78.5399	896462158	896.462	40.34
OG787_v240927.hifi1.0.hifiasm.a_ctg.assembly_summary.txt	743	9320363	9.32036	743	9320363	9.32036	24899833	24.8998	670323166	670.323	41.69
OG787_v240927.hifi1.0.hifiasm.p_ctg.assembly_summary.txt	94	26019640	26.0196	94	26019640	26.0196	50601997	50.602	668272006	668.272	41.62
OG788_v240927.hifi1.0.hifiasm.a_ctg.assembly_summary.txt	1490	7920600	7.9206	1490	7920600	7.9206	23787225	23.7872	656323924	656.324	42.01
OG788_v240927.hifi1.0.hifiasm.p_ctg.assembly_summary.txt	496	22609265	22.6093	496	22609265	22.6093	31197192	31.1972	684434541	684.435	42.01
OG790_v250704.hifi1.0.hifiasm.a_ctg.assembly_summary.txt	1283	5986694	5.98669	1283	5986694	5.98669	22847975	22.848	646910698	646.911	43.63
OG790_v250704.hifi1.0.hifiasm.p_ctg.assembly_summary.txt	150	25103431	25.1034	150	25103431	25.1034	32647055	32.6471	644484200	644.484	43.70
OG793_v250317.hifi1.0.hifiasm.a_ctg.assembly_summary.txt	1735	5429943	5.42994	1735	5429943	5.42994	21633162	21.6332	796451658	796.452	40.11
OG793_v250317.hifi1.0.hifiasm.p_ctg.assembly_summary.txt	133	32711024	32.711	133	32711024	32.711	38728953	38.729	782646981	782.647	40.09
OG794_v250307.hifi1.0.hifiasm.a_ctg.assembly_summary.txt	1061	2684340	2.68434	1061	2684340	2.68434	12481518	12.4815	693243222	693.243	40.18
OG794_v250307.hifi1.0.hifiasm.p_ctg.assembly_summary.txt	158	25615994	25.616	158	25615994	25.616	33052750	33.0528	696895675	696.896	40.21
OG799_v241018.hifi1.0.hifiasm.a_ctg.assembly_summary.txt	401	21206004	21.206	401	21206004	21.206	33644313	33.6443	751799300	751.799	40.24
OG799_v241018.hifi1.0.hifiasm.p_ctg.assembly_summary.txt	104	31050373	31.0504	104	31050373	31.0504	38448974	38.449	749012276	749.012	40.27
OG800_v241004.hifi1.0.hifiasm.a_ctg.assembly_summary.txt	1521	3568776	3.56878	1521	3568776	3.56878	11350718	11.3507	728153171	728.153	43.13
OG800_v241004.hifi1.0.hifiasm.p_ctg.assembly_summary.txt	133	27687718	27.6877	133	27687718	27.6877	34416541	34.4165	721739824	721.74	43.12
OG803_v240927.hifi1.0.hifiasm.a_ctg.assembly_summary.txt	2389	1502380	1.50238	2389	1502380	1.50238	12314020	12.314	786790821	786.791	42.41
OG803_v240927.hifi1.0.hifiasm.p_ctg.assembly_summary.txt	289	30345987	30.346	289	30345987	30.346	37935159	37.9352	802696410	802.696	42.57
OG804_v250717.hifi1.0.hifiasm.a_ctg.assembly_summary.txt	3059	4021873	4.02187	3059	4021873	4.02187	24375487	24.3755	847875166	847.875	40.23
OG804_v250717.hifi1.0.hifiasm.p_ctg.assembly_summary.txt	473	31466542	31.4665	473	31466542	31.4665	50375334	50.3753	1064539534	1064.54	40.29
OG808_v240520.hifi1.0.hifiasm.a_ctg.assembly.summary.txt	3551	1482897	1.4829	3551	1482897	1.4829	13515799	13.5158	1187543626	1187.54	39.76
OG808_v240520.hifi1.0.hifiasm.p_ctg.assembly.summary.txt	109	46024596	46.0246	109	46024596	46.0246	120568144	120.568	1135295802	1135.3	39.80
OG810_v241004.hifi1.0.hifiasm.a_ctg.assembly_summary.txt	1456	7718323	7.71832	1456	7718323	7.71832	25146111	25.1461	836761740	836.762	41.44
OG810_v241004.hifi1.0.hifiasm.p_ctg.assembly_summary.txt	242	29140903	29.1409	242	29140903	29.1409	35918739	35.9187	807550890	807.551	41.47
OG811_v241004.hifi1.0.hifiasm.a_ctg.assembly_summary.txt	2754	3072209	3.07221	2754	3072209	3.07221	11892936	11.8929	783682721	783.683	42.03
OG811_v241004.hifi1.0.hifiasm.p_ctg.assembly_summary.txt	334	25523865	25.5239	334	25523865	25.5239	49620316	49.6203	756466325	756.466	42.12
OG813_v250704.hifi1.0.hifiasm.a_ctg.assembly_summary.txt	878	24935063	24.9351	878	24935063	24.9351	45077949	45.0779	977611865	977.612	39.54
OG813_v250704.hifi1.0.hifiasm.p_ctg.assembly_summary.txt	114	39515930	39.5159	114	39515930	39.5159	74997370	74.9974	981952434	981.952	39.46
OG819_v250717.hifi1.0.hifiasm.a_ctg.assembly_summary.txt	1010	4624297	4.6243	1010	4624297	4.6243	17167005	17.167	622115518	622.116	41.22
OG819_v250717.hifi1.0.hifiasm.p_ctg.assembly_summary.txt	123	25630985	25.631	123	25630985	25.631	74312784	74.3128	646853887	646.854	41.21
OG820_v230915.hifi1.0.hifiasm.a_ctg.assembly.summary.txt	1027	11275547	11.2755	1027	11275547	11.2755	32108812	32.1088	872088853	872.089	40.94
OG820_v230915.hifi1.0.hifiasm.p_ctg.assembly.summary.txt	62	40736435	40.7364	62	40736435	40.7364	82974962	82.975	863103995	863.104	40.93
OG824_v241004.hifi1.0.hifiasm.a_ctg.assembly_summary.txt	3175	1064759	1.06476	3175	1064759	1.06476	5471670	5.47167	861658449	861.658	39.74
OG824_v241004.hifi1.0.hifiasm.p_ctg.assembly_summary.txt	623	14218382	14.2184	623	14218382	14.2184	44683221	44.6832	889080301	889.08	39.51
OG829_v240927.hifi1.0.hifiasm.a_ctg.assembly_summary.txt	1421	5238479	5.23848	1421	5238479	5.23848	26001763	26.0018	721701602	721.702	41.88
OG829_v240927.hifi1.0.hifiasm.p_ctg.assembly_summary.txt	210	25779500	25.7795	210	25779500	25.7795	34020701	34.0207	707130705	707.131	41.79
OG834_v240927.hifi1.0.hifiasm.a_ctg.assembly_summary.txt	2120	3218234	3.21823	2120	3218234	3.21823	16992370	16.9924	1173301681	1173.3	38.96
OG834_v240927.hifi1.0.hifiasm.p_ctg.assembly_summary.txt	414	34234610	34.2346	414	34234610	34.2346	48991886	48.9919	1184833572	1184.83	38.94
OG836_v240520.hifi1.0.hifiasm.a_ctg.assembly.summary.txt	12350	745853	0.745853	12350	745853	0.745853	5302628	5.30263	2980720784	2980.72	43.82
OG836_v240520.hifi1.0.hifiasm.p_ctg.assembly.summary.txt	2331	6375456	6.37546	2331	6375456	6.37546	36994088	36.9941	3061007626	3061.01	44.13
OG837_v240813.hifi1.0.hifiasm.a_ctg.assembly.summary.txt	15174	923333	0.923333	15174	923333	0.923333	7135960	7.13596	3502079698	3502.08	42.25
OG837_v240813.hifi1.0.hifiasm.p_ctg.assembly.summary.txt	705	30991418	30.9914	705	30991418	30.9914	94659861	94.6599	3769058405	3769.06	42.40
OG838_v240520.hifi1.0.hifiasm.a_ctg.assembly.summary.txt	26934	90100	0.0901	26934	90100	0.0901	888393	0.888393	1656296299	1656.3	42.16
OG838_v240520.hifi1.0.hifiasm.p_ctg.assembly.summary.txt	5012	1391123	1.39112	5012	1391123	1.39112	11459292	11.4593	2477668585	2477.67	42.38
OG844_v241023.hifi1.0.hifiasm.a_ctg.assembly_summary.txt	8274	1432813	1.43281	8274	1432813	1.43281	10179849	10.1798	2914926970	2914.93	43.88
OG844_v241023.hifi1.0.hifiasm.p_ctg.assembly_summary.txt	2225	8746036	8.74604	2225	8746036	8.74604	43379048	43.379	2960669464	2960.67	44.05
OG845_v241023.hifi1.0.hifiasm.a_ctg.assembly_summary.txt	15100	582476	0.582476	15100	582476	0.582476	4801719	4.80172	2952919328	2952.92	42.73
OG845_v241023.hifi1.0.hifiasm.p_ctg.assembly_summary.txt	2800	7508840	7.50884	2800	7508840	7.50884	39682275	39.6823	3045575403	3045.58	43.04
OG848_v250113.hifi1.0.hifiasm.a_ctg.assembly_summary.txt	26646	51487	0.051487	26646	51487	0.051487	2055752	2.05575	878864529	878.865	43.32
OG848_v250113.hifi1.0.hifiasm.p_ctg.assembly_summary.txt	2807	1921368	1.92137	2807	1921368	1.92137	16043749	16.0437	851357752	851.358	44.11
OG849_v241127.hifi1.0.hifiasm.a_ctg.assembly_summary.txt	10229	308580	0.30858	10229	308580	0.30858	2669848	2.66985	733687337	733.687	42.13
OG849_v241127.hifi1.0.hifiasm.p_ctg.assembly_summary.txt	1490	3529750	3.52975	1490	3529750	3.52975	17922756	17.9228	690188408	690.188	42.37
OG852_v250717.hifi1.0.hifiasm.a_ctg.assembly_summary.txt	24537	41690	0.04169	24537	41690	0.04169	416090	0.41609	861246105	861.246	43.60
OG852_v250717.hifi1.0.hifiasm.p_ctg.assembly_summary.txt	17922	120674	0.120674	17922	120674	0.120674	1040229	1.04023	1634869195	1634.87	43.58
OG853_v250717.hifi1.0.hifiasm.a_ctg.assembly_summary.txt	25848	34562	0.034562	25848	34562	0.034562	189184	0.189184	748908972	748.909	43.82
OG853_v250717.hifi1.0.hifiasm.p_ctg.assembly_summary.txt	24920	112539	0.112539	24920	112539	0.112539	1070998	1.071	2084648899	2084.65	43.61
OG855_240821.hifi1.0.hifiasm.a_ctg.assembly.summary.txt	5273	312496	0.312496	5273	312496	0.312496	2815818	2.81582	692073298	692.073	40.94
OG855_240821.hifi1.0.hifiasm.p_ctg.assembly.summary.txt	260	22770863	22.7709	260	22770863	22.7709	31793104	31.7931	671367301	671.367	40.96
OG856_v240821.hifi1.0.hifiasm.a_ctg.assembly.summary.txt	0	0	0	0	0	0	0	0	0	0	0.00
OG856_v240821.hifi1.0.hifiasm.p_ctg.assembly.summary.txt	0	0	0	0	0	0	0	0	0	0	0.00
OG859_v241023.hifi1.0.hifiasm.a_ctg.assembly_summary.txt	21937	210866	0.210866	21937	210866	0.210866	3042158	3.04216	2119033115	2119.03	41.95
OG859_v241023.hifi1.0.hifiasm.p_ctg.assembly_summary.txt	426	58692996	58.693	426	58692996	58.693	116813770	116.814	2564264350	2564.26	41.72
OG860_v240927.hifi1.0.hifiasm.a_ctg.assembly_summary.txt	4657	977148	0.977148	4657	977148	0.977148	9645627	9.64563	574708532	574.709	45.01
OG860_v240927.hifi1.0.hifiasm.p_ctg.assembly_summary.txt	411	15865836	15.8658	411	15865836	15.8658	38361560	38.3616	552196785	552.197	45.06
OG863_v241004.hifi1.0.hifiasm.a_ctg.assembly_summary.txt	995	8996522	8.99652	995	8996522	8.99652	37298158	37.2982	1085942962	1085.94	39.82
OG863_v241004.hifi1.0.hifiasm.p_ctg.assembly_summary.txt	289	42425784	42.4258	289	42425784	42.4258	56561809	56.5618	1089402783	1089.4	39.85
OG865_v250818.hifi1.0.hifiasm.a_ctg.assembly_summary.txt	33664	26187	0.026187	33664	26187	0.026187	297652	0.297652	620995676	620.996	41.87
OG865_v250818.hifi1.0.hifiasm.p_ctg.assembly_summary.txt	12757	119378	0.119378	12757	119378	0.119378	844425	0.844425	858843258	858.843	42.24
OG866_v241023.hifi1.0.hifiasm.a_ctg.assembly_summary.txt	7720	141263	0.141263	7720	141263	0.141263	1342183	1.34218	616906081	616.906	42.53
OG866_v241023.hifi1.0.hifiasm.p_ctg.assembly_summary.txt	1519	1637871	1.63787	1519	1637871	1.63787	10975413	10.9754	755662783	755.663	42.34
OG868_v250317.hifi1.0.hifiasm.a_ctg.assembly_summary.txt	14083	32328	0.032328	14083	32328	0.032328	393007	0.393007	374064373	374.064	43.22
OG868_v250317.hifi1.0.hifiasm.p_ctg.assembly_summary.txt	8256	123024	0.123024	8256	123024	0.123024	1099149	1.09915	636351039	636.351	43.64
OG869_v250307.hifi1.0.hifiasm.a_ctg.assembly_summary.txt	31080	85042	0.085042	31080	85042	0.085042	1234420	1.23442	901104673	901.105	43.74
OG869_v250307.hifi1.0.hifiasm.p_ctg.assembly_summary.txt	3762	673875	0.673875	3762	673875	0.673875	4541916	4.54192	899335678	899.336	44.19
OG906_hifi1.0.hifiasm.a_ctg.assembly.summary.txt	56010	377476	0.377476	56010	377476	0.377476	5773102	5.7731	5004844542	5004.84	48.07
OG906_hifi1.0.hifiasm.p_ctg.assembly.summary.txt	15416	1467101	1.4671	15416	1467101	1.4671	15021275	15.0213	5467056287	5467.06	48.35
OG910_v241127.hifi1.0.hifiasm.a_ctg.assembly_summary.txt	880	5911255	5.91125	880	5911255	5.91125	23398150	23.3982	863597389	863.597	41.45
OG910_v241127.hifi1.0.hifiasm.p_ctg.assembly_summary.txt	202	34675938	34.6759	202	34675938	34.6759	43685714	43.6857	863939736	863.94	41.44
OG1161_v250113.hifi1.0.hifiasm.a_ctg.assembly_summary.txt	30787	183969	0.183969	30787	183969	0.183969	4939229	4.93923	2531444813	2531.44	41.79
OG1161_v250113.hifi1.0.hifiasm.p_ctg.assembly_summary.txt	276	92301342	92.3013	276	92301342	92.3013	203861949	203.862	2553726966	2553.73	41.71
OG1297_v250818.hifi1.0.hifiasm.a_ctg.assembly_summary.txt	6037	2331196	2.3312	6037	2331196	2.3312	14031387	14.0314	2956161752	2956.16	43.95
OG1297_v250818.hifi1.0.hifiasm.p_ctg.assembly_summary.txt	2180	7572554	7.57255	2180	7572554	7.57255	73455968	73.456	3143108033	3143.11	44.40
